1000 0.001999378204345703
2000 0.0069997310638427734
3000 0.011000633239746094
4000 0.01700568199157715
5000 0.024015188217163086
6000 0.031032800674438477
7000 0.03998994827270508
8000 0.049987077713012695
9000 0.05903887748718262
10000 0.11199378967285156
11000 0.08699202537536621
12000 0.10795474052429199
13000 0.11098790168762207
14000 0.12600016593933105
15000 0.14200639724731445
16000 0.1581737995147705
17000 0.17899823188781738
18000 0.20801234245300293
19000 0.30998754501342773
20000 0.3580343723297119
21000 0.29898834228515625
22000 0.35098695755004883
23000 0.4589977264404297
24000 0.4460322856903076
25000 0.5904989242553711
26000 0.5203695297241211
27000 0.46700286865234375
28000 0.7678952217102051
29000 0.5260107517242432
30000 0.5609664916992188
31000 0.5839495658874512
32000 0.6829848289489746
33000 0.6950352191925049
34000 0.7220118045806885
35000 1.0250306129455566
36000 0.8299984931945801
37000 0.885962963104248
38000 0.9770219326019287
39000 0.9559528827667236
40000 1.3970363140106201
41000 1.0490460395812988
42000 1.182999610900879
43000 1.2890028953552246
44000 1.222033977508545
45000 1.300032377243042
46000 1.948965072631836
47000 1.4229965209960938
48000 1.678037405014038
49000 1.549961805343628
50000 1.6319973468780518
51000 1.7299630641937256
52000 1.7630219459533691
53000 1.8889951705932617
54000 1.9360318183898926
55000 1.9699828624725342
56000 2.078953504562378
57000 2.195997953414917
58000 2.994002342224121
59000 2.3889999389648438
60000 2.4559993743896484
61000 2.500035285949707
62000 2.7899980545043945
63000 2.670034646987915
64000 2.794039011001587
65000 3.3837740421295166
66000 3.699007987976074
67000 4.050984859466553
68000 4.140978813171387
69000 3.8580009937286377
70000 4.1123878955841064
71000 4.571999788284302
72000 4.92300271987915
73000 4.740279674530029
74000 5.145080804824829
75000 4.8609514236450195
76000 4.891438961029053
77000 5.300999164581299
78000 5.530035018920898
79000 5.3527374267578125
80000 5.965033769607544
81000 5.664046049118042
82000 6.2160985469818115
83000 6.597123384475708
84000 6.471966981887817
85000 6.7590014934539795
86000 6.948004722595215
87000 7.500025033950806
88000 6.544030666351318
89000 7.407968044281006
90000 6.557035207748413
91000 6.496034860610962
92000 7.059031963348389
93000 7.224043369293213
94000 8.730462789535522
95000 9.077013731002808
96000 8.946662902832031
97000 9.020036697387695
98000 9.280990600585938
99000 9.13404107093811
