1000 0.0039904117584228516
2000 0.008974552154541016
3000 0.01296687126159668
4000 0.01695394515991211
5000 0.020960092544555664
6000 0.027949810028076172
7000 0.032915353775024414
8000 0.0419163703918457
9000 0.048868417739868164
10000 0.048880577087402344
11000 0.06482672691345215
12000 0.07081222534179688
13000 0.06677937507629395
14000 0.07480025291442871
15000 0.08747267723083496
16000 0.0967409610748291
17000 0.09175467491149902
18000 0.09941434860229492
19000 0.09873843193054199
20000 0.11269736289978027
21000 0.11968040466308594
22000 0.11731290817260742
23000 0.13303875923156738
24000 0.12965059280395508
25000 0.14779424667358398
26000 0.16016316413879395
27000 0.15076994895935059
28000 0.1578233242034912
29000 0.16556119918823242
30000 0.1866292953491211
31000 0.18066096305847168
32000 0.20744538307189941
33000 0.21894288063049316
34000 0.223372220993042
35000 0.26344799995422363
36000 0.2408127784729004
37000 0.2418217658996582
38000 0.2696211338043213
39000 0.2619640827178955
40000 0.2916724681854248
41000 0.28613877296447754
42000 0.30663490295410156
43000 0.3306393623352051
44000 0.312366247177124
45000 0.3297703266143799
46000 0.35815978050231934
47000 0.3550741672515869
48000 0.3789064884185791
49000 0.3967268466949463
50000 0.39302492141723633
51000 0.40753960609436035
52000 0.4258582592010498
53000 0.45256805419921875
54000 0.48728442192077637
55000 0.48490405082702637
56000 0.49907970428466797
57000 0.5106663703918457
58000 0.550330400466919
59000 0.5510318279266357
60000 0.5420422554016113
61000 0.5692858695983887
62000 0.585702657699585
63000 0.5994517803192139
64000 0.63875412940979
65000 0.6190793514251709
66000 0.6656932830810547
67000 0.6836276054382324
68000 0.6731958389282227
69000 0.7089731693267822
70000 0.7325384616851807
71000 0.7406196594238281
72000 0.7800631523132324
73000 0.772057056427002
74000 0.8153400421142578
75000 0.800166130065918
76000 0.8381955623626709
77000 0.8698782920837402
78000 0.8863530158996582
79000 0.8796341419219971
80000 0.9264538288116455
81000 0.93349289894104
82000 0.9812695980072021
83000 0.9970827102661133
84000 0.999079704284668
85000 1.0579192638397217
86000 1.0531320571899414
87000 1.0800020694732666
88000 1.1209094524383545
89000 1.1075115203857422
90000 1.1416800022125244
91000 1.1755177974700928
92000 1.1523420810699463
93000 1.2448680400848389
94000 1.2425358295440674
95000 1.2605433464050293
96000 1.2301228046417236
97000 1.3032820224761963
98000 1.3081579208374023
99000 1.314234972000122
