1000 0.0029916763305664062
2000 0.006983280181884766
3000 0.010973930358886719
4000 0.018950223922729492
5000 0.026963472366333008
6000 0.03394269943237305
7000 0.03789782524108887
8000 0.04787325859069824
9000 0.06490182876586914
10000 0.0684661865234375
11000 0.0897822380065918
12000 0.09124636650085449
13000 0.12430405616760254
14000 0.11968159675598145
15000 0.14262104034423828
16000 0.15259218215942383
17000 0.16954970359802246
18000 0.1795206069946289
19000 0.2074446678161621
20000 0.23312020301818848
21000 0.25876402854919434
22000 0.27577733993530273
23000 0.29314708709716797
24000 0.3118894100189209
25000 0.3451395034790039
26000 0.38288164138793945
27000 0.39298200607299805
28000 0.43212032318115234
29000 0.5169706344604492
30000 0.4713277816772461
31000 0.5048339366912842
32000 0.5548033714294434
33000 0.5710422992706299
34000 0.6107311248779297
35000 0.6299221515655518
36000 0.6921291351318359
37000 0.7175524234771729
38000 0.7793562412261963
39000 0.8128006458282471
40000 0.8780074119567871
41000 0.9598467350006104
42000 0.9591867923736572
43000 0.991408109664917
44000 1.0242390632629395
45000 1.1029505729675293
46000 1.1220767498016357
47000 1.2171008586883545
48000 1.3465101718902588
49000 1.2821612358093262
50000 1.3730909824371338
51000 1.4691741466522217
52000 1.4601306915283203
53000 1.6723783016204834
54000 1.6024303436279297
55000 1.683051586151123
56000 1.8028502464294434
57000 1.8199279308319092
58000 1.9550166130065918
59000 1.9192962646484375
60000 2.0678815841674805
61000 2.12870717048645
62000 2.171222686767578
63000 2.400402545928955
64000 2.4267477989196777
65000 2.6914217472076416
66000 2.5933034420013428
67000 2.532274007797241
68000 2.850729465484619
69000 2.8459548950195312
70000 2.833247423171997
71000 3.1535959243774414
72000 3.094111204147339
73000 3.1596882343292236
74000 3.365572214126587
75000 3.608856678009033
76000 3.6502432823181152
77000 3.7678351402282715
78000 3.8699684143066406
79000 3.858123540878296
80000 4.1038429737091064
81000 4.310696125030518
82000 4.402228593826294
83000 4.512449502944946
84000 4.705811262130737
85000 4.69895339012146
86000 4.639837265014648
87000 5.051074028015137
88000 5.04717230796814
89000 5.037758111953735
90000 5.344661474227905
91000 5.340111017227173
92000 5.563551902770996
93000 5.767825603485107
94000 6.060262441635132
95000 6.170160531997681
96000 6.254899978637695
97000 6.459396123886108
98000 6.730236291885376
99000 6.787022590637207
