1000 0.0029997825622558594
2000 0.006998300552368164
3000 0.011003732681274414
4000 0.019826650619506836
5000 0.020000457763671875
6000 0.03399991989135742
7000 0.04093027114868164
8000 0.0410001277923584
9000 0.051999568939208984
10000 0.05010223388671875
11000 0.06773138046264648
12000 0.05700397491455078
13000 0.06412458419799805
14000 0.06782913208007812
15000 0.08199715614318848
16000 0.08704614639282227
17000 0.09200906753540039
18000 0.09613227844238281
19000 0.10967016220092773
20000 0.1200416088104248
21000 0.12499737739562988
22000 0.13397693634033203
23000 0.19302988052368164
24000 0.1770017147064209
25000 0.158949613571167
26000 0.16504216194152832
27000 0.2129981517791748
28000 0.20802998542785645
29000 0.2000112533569336
30000 0.19303083419799805
31000 0.19899916648864746
32000 0.21001577377319336
33000 0.24201083183288574
34000 0.2419888973236084
35000 0.23799824714660645
36000 0.255049467086792
37000 0.3529529571533203
38000 0.3410003185272217
39000 0.373945951461792
40000 0.3869929313659668
41000 0.4020345211029053
42000 0.38239240646362305
43000 0.45399999618530273
44000 0.40196657180786133
45000 0.4299662113189697
46000 0.45297670364379883
47000 0.4830360412597656
48000 0.47298598289489746
49000 0.46196579933166504
50000 0.4850013256072998
51000 0.5479485988616943
52000 0.5159673690795898
53000 0.5259921550750732
54000 0.5659651756286621
55000 0.5569992065429688
56000 0.556999921798706
57000 0.5989983081817627
58000 0.6080005168914795
59000 0.6280002593994141
60000 0.6429975032806396
61000 0.6600022315979004
62000 0.7419509887695312
63000 0.6860008239746094
64000 0.8299996852874756
65000 0.7875866889953613
66000 0.7479825019836426
67000 0.7909834384918213
68000 0.8429985046386719
69000 0.9030158519744873
70000 0.7910010814666748
71000 0.8270101547241211
72000 0.8539998531341553
73000 0.8769898414611816
74000 0.9029934406280518
75000 0.9079885482788086
76000 1.0980165004730225
77000 0.9110331535339355
78000 0.9709830284118652
79000 1.0119996070861816
80000 0.9840028285980225
81000 1.0170350074768066
82000 1.0490314960479736
83000 1.0789477825164795
84000 1.1369900703430176
85000 1.1399977207183838
86000 1.191965103149414
87000 1.1659879684448242
88000 1.22922682762146
89000 1.230034351348877
90000 1.2560365200042725
91000 1.4029901027679443
92000 1.3249986171722412
93000 1.295999526977539
94000 1.3220014572143555
95000 1.3720316886901855
96000 1.3669941425323486
97000 1.3970015048980713
98000 1.4009969234466553
99000 1.5040302276611328
100000 1.5049972534179688
101000 1.562997817993164
102000 1.5180375576019287
103000 1.7329657077789307
104000 1.5820343494415283
105000 1.7470371723175049
106000 1.6159882545471191
107000 1.7560360431671143
108000 1.7020025253295898
109000 1.7199995517730713
110000 1.7839527130126953
111000 1.9789071083068848
112000 1.8729643821716309
113000 1.8570351600646973
114000 1.906949520111084
115000 2.209381103515625
116000 2.071953773498535
117000 1.9839880466461182
118000 2.0169975757598877
119000 2.128990411758423
120000 2.109952688217163
121000 2.170015811920166
122000 2.102983236312866
123000 2.168990135192871
124000 2.1839802265167236
125000 2.2120349407196045
126000 2.1800005435943604
127000 2.231987476348877
128000 2.3553407192230225
129000 2.542454481124878
130000 2.374000310897827
131000 2.4450316429138184
132000 2.342996120452881
133000 2.474005937576294
134000 2.669031858444214
135000 2.8649070262908936
136000 2.4159913063049316
137000 2.5730371475219727
138000 2.7019855976104736
139000 2.5419998168945312
140000 2.6050028800964355
141000 2.5072743892669678
142000 2.578998565673828
143000 2.6899521350860596
144000 3.0499508380889893
145000 3.2170369625091553
146000 2.9120116233825684
147000 3.434997081756592
148000 3.288557291030884
149000 3.0320358276367188
150000 3.0169639587402344
151000 3.0580320358276367
152000 3.3120033740997314
153000 3.3978660106658936
154000 3.621032953262329
155000 3.332984447479248
156000 3.3940327167510986
157000 3.42403507232666
158000 3.4169671535491943
159000 3.581033706665039
160000 3.6589975357055664
161000 3.6686296463012695
162000 3.5149526596069336
163000 3.5498006343841553
164000 3.4800360202789307
165000 4.074954032897949
166000 3.958016872406006
167000 3.8298568725585938
168000 3.8959760665893555
169000 4.02902626991272
170000 4.176033973693848
171000 4.173442602157593
172000 4.223036050796509
173000 4.085291862487793
174000 4.018024444580078
175000 4.104028940200806
176000 3.993966579437256
177000 4.109012603759766
178000 4.171000719070435
179000 4.258127212524414
180000 4.138999938964844
181000 4.104949951171875
182000 4.545015811920166
183000 4.272951602935791
184000 4.363000869750977
185000 4.3559486865997314
186000 4.454043388366699
187000 4.446032762527466
188000 4.552997589111328
189000 4.5600364208221436
190000 4.72400164604187
191000 4.585984706878662
192000 4.661949396133423
193000 4.685124158859253
194000 4.810611009597778
195000 5.0060365200042725
196000 4.794001817703247
197000 4.943002462387085
198000 4.986034393310547
199000 4.984033584594727
200000 4.976000547409058
201000 5.19300389289856
202000 5.106954574584961
203000 5.25601601600647
204000 5.588955879211426
205000 5.5080885887146
206000 5.5000715255737305
207000 5.348996162414551
208000 5.602570295333862
209000 5.8600335121154785
210000 5.207031011581421
211000 6.078243255615234
212000 6.11713981628418
213000 6.227205514907837
214000 5.807003021240234
215000 5.8049986362457275
216000 6.280001163482666
217000 5.93003249168396
218000 6.1150007247924805
219000 6.075035095214844
220000 6.437001466751099
221000 6.182746171951294
222000 6.10899806022644
223000 6.298985481262207
224000 5.767993688583374
225000 5.7489914894104
226000 5.954035520553589
227000 5.936997413635254
228000 6.0350353717803955
229000 5.887999534606934
230000 6.13198184967041
231000 6.130002498626709
232000 6.315998315811157
233000 6.3369855880737305
234000 6.354010820388794
235000 6.3399858474731445
236000 6.4929986000061035
237000 6.685987234115601
238000 6.675997495651245
239000 6.8040032386779785
240000 6.967000484466553
241000 6.874984264373779
242000 6.5970001220703125
243000 6.949002981185913
244000 6.802952527999878
245000 6.755000829696655
246000 6.979034900665283
247000 6.925989627838135
248000 7.063997745513916
249000 7.219076633453369
250000 7.50141167640686
251000 7.6989521980285645
252000 7.870011329650879
253000 7.813485622406006
254000 7.397754669189453
255000 7.536911487579346
256000 7.3861353397369385
257000 7.400920629501343
258000 7.8799543380737305
259000 7.9033942222595215
260000 7.630162715911865
261000 7.763766527175903
262000 8.060768127441406
263000 7.47367787361145
264000 7.786184072494507
265000 7.9842209815979
266000 7.956141233444214
267000 7.968074798583984
268000 7.824867248535156
269000 7.8669257164001465
270000 8.001734972000122
271000 8.207665920257568
272000 8.375073671340942
273000 8.472394466400146
274000 8.299464464187622
275000 8.344502210617065
276000 8.549500703811646
277000 8.586074352264404
278000 8.546089172363281
279000 8.75183916091919
280000 8.651213884353638
281000 9.613489866256714
282000 8.765735387802124
283000 9.268839597702026
284000 8.831167221069336
285000 9.169830083847046
286000 8.841893672943115
287000 9.110113620758057
288000 9.233304977416992
289000 9.837022304534912
290000 10.565574407577515
291000 10.172031164169312
292000 10.114293336868286
293000 10.255725622177124
294000 10.107861280441284
295000 10.56424880027771
296000 10.55695104598999
297000 10.391042232513428
298000 10.777997732162476
299000 10.44599962234497
300000 10.449790477752686
301000 10.45695185661316
302000 10.466988563537598
303000 10.692952871322632
304000 11.875078678131104
305000 11.422998905181885
306000 11.02703595161438
307000 11.080037832260132
308000 11.264718294143677
309000 11.127004623413086
310000 11.610996723175049
311000 11.46100378036499
312000 11.62398624420166
313000 11.523963689804077
314000 11.778010606765747
315000 11.861554861068726
316000 11.784037113189697
317000 12.160400152206421
318000 12.453946828842163
319000 12.490278720855713
320000 12.488229751586914
321000 12.402903079986572
322000 12.523977041244507
323000 12.515026092529297
324000 12.220037937164307
325000 12.341951370239258
326000 12.388968706130981
327000 12.739246845245361
328000 12.731654167175293
329000 12.503117322921753
330000 12.45087480545044
331000 12.184999942779541
332000 12.707000970840454
333000 12.301035404205322
334000 12.870020389556885
335000 12.273992776870728
336000 11.858000755310059
337000 13.26798701286316
338000 12.264033794403076
339000 12.227001667022705
340000 12.572037696838379
341000 12.992035627365112
342000 12.955034732818604
343000 12.79900336265564
344000 13.003000259399414
345000 13.840006589889526
346000 13.547893285751343
347000 12.899038553237915
348000 13.212002754211426
349000 13.381000757217407
350000 13.367997646331787
351000 13.558950662612915
352000 13.925033330917358
353000 13.796998739242554
354000 14.06904673576355
355000 14.417953252792358
356000 14.244952917098999
357000 14.017035007476807
358000 14.05400037765503
359000 14.423034906387329
360000 14.03403615951538
361000 14.06003189086914
362000 14.59095048904419
363000 14.521992206573486
364000 15.154000520706177
365000 14.50602650642395
366000 15.241952657699585
367000 14.786035537719727
368000 14.992000818252563
369000 14.818989038467407
370000 14.315036535263062
371000 14.88595175743103
372000 15.143035650253296
373000 15.323988199234009
374000 14.789986371994019
375000 15.413035869598389
376000 14.867954730987549
377000 15.180985927581787
378000 15.314049243927002
379000 15.642000198364258
380000 16.19023871421814
