100 0.0
102 0.0
104 0.0
106 0.0
108 0.0
110 0.0
112 0.0009989738464355469
114 0.0009636878967285156
116 0.0009672641754150391
118 0.0
120 0.0009627342224121094
122 0.0010349750518798828
124 0.0010013580322265625
126 0.0009942054748535156
128 0.0010035037994384766
130 0.0
132 0.0009672641754150391
134 0.000995635986328125
136 0.0009672641754150391
138 0.0009992122650146484
140 0.0
142 0.0010006427764892578
144 0.0
146 0.0009629726409912109
148 0.0009686946868896484
150 0.0010025501251220703
152 0.0
154 0.0
156 0.0009667873382568359
158 0.0
160 0.0
162 0.000965118408203125
164 0.0009653568267822266
166 0.0009980201721191406
168 0.0
170 0.0009663105010986328
172 0.0009899139404296875
174 0.0009989738464355469
176 0.0009653568267822266
178 0.0009553432464599609
180 0.0009663105010986328
182 0.0010416507720947266
184 0.0009636878967285156
186 0.00099945068359375
188 0.0009512901306152344
190 0.0009622573852539062
192 0.0009989738464355469
194 0.0009961128234863281
196 0.0009663105010986328
198 0.0009911060333251953
200 0.00104522705078125
202 0.0009522438049316406
204 0.0010006427764892578
206 0.0009999275207519531
208 0.0010342597961425781
210 0.0
212 0.0009617805480957031
214 0.0009534358978271484
216 0.0009996891021728516
218 0.0010449886322021484
220 0.0
222 0.0009665489196777344
224 0.0009999275207519531
226 0.00103759765625
228 0.0009646415710449219
230 0.0009531974792480469
232 0.002004384994506836
234 0.0010139942169189453
236 0.0010001659393310547
238 0.001987457275390625
240 0.0009658336639404297
242 0.001005411148071289
244 0.002000093460083008
246 0.0020339488983154297
248 0.0009713172912597656
250 0.0009653568267822266
252 0.0010042190551757812
254 0.0019989013671875
256 0.001997709274291992
258 0.0020151138305664062
260 0.0009527206420898438
262 0.002008199691772461
264 0.0009970664978027344
266 0.0020461082458496094
268 0.0019958019256591797
270 0.0019986629486083984
272 0.001997232437133789
274 0.004002571105957031
276 0.002000093460083008
278 0.002000093460083008
280 0.0
282 0.0010001659393310547
284 0.002002239227294922
286 0.002031564712524414
288 0.0020151138305664062
290 0.0010008811950683594
292 0.0010330677032470703
294 0.0019683837890625
296 0.002012491226196289
298 0.001999378204345703
300 0.0009510517120361328
302 0.002047300338745117
304 0.0020008087158203125
306 0.0020465850830078125
308 0.002002239227294922
310 0.0010006427764892578
312 0.0020453929901123047
314 0.0020041465759277344
316 0.002032756805419922
318 0.002047300338745117
320 0.001001119613647461
322 0.0020105838775634766
324 0.004006385803222656
326 0.003034353256225586
328 0.0030329227447509766
330 0.0010340213775634766
332 0.0030355453491210938
334 0.0019991397857666016
336 0.003002643585205078
338 0.002004861831665039
340 0.0009670257568359375
342 0.002034902572631836
344 0.002962827682495117
346 0.002010822296142578
348 0.0029532909393310547
350 0.0009548664093017578
352 0.0029571056365966797
354 0.0030012130737304688
356 0.0029888153076171875
358 0.001987934112548828
360 0.0009992122650146484
362 0.002025127410888672
364 0.002972841262817383
366 0.0029888153076171875
368 0.0019989013671875
370 0.0009648799896240234
372 0.0030460357666015625
374 0.002988576889038086
376 0.0019989013671875
378 0.0030024051666259766
380 0.0009660720825195312
382 0.002954721450805664
384 0.0029997825622558594
386 0.003998517990112305
388 0.0029647350311279297
390 0.0010373592376708984
392 0.0029659271240234375
394 0.0030364990234375
396 0.0029675960540771484
398 0.002962827682495117
400 0.0010066032409667969
402 0.003003358840942383
404 0.0029633045196533203
406 0.003017425537109375
408 0.0029997825622558594
410 0.0010352134704589844
412 0.003011941909790039
414 0.003048419952392578
416 0.0030202865600585938
418 0.003005504608154297
420 0.0009510517120361328
422 0.0030374526977539062
424 0.003036022186279297
426 0.0030367374420166016
428 0.0030112266540527344
430 0.0019516944885253906
432 0.003034830093383789
434 0.003010988235473633
436 0.003976106643676758
438 0.002998828887939453
440 0.0019998550415039062
442 0.0030181407928466797
444 0.002987384796142578
446 0.003966093063354492
448 0.003989696502685547
450 0.0019898414611816406
452 0.004010677337646484
454 0.003999948501586914
456 0.002986907958984375
458 0.003010988235473633
460 0.0009963512420654297
462 0.0039653778076171875
464 0.004000186920166016
466 0.0040132999420166016
468 0.0039556026458740234
470 0.0009539127349853516
472 0.004006147384643555
474 0.003969907760620117
476 0.003997087478637695
478 0.004035472869873047
480 0.0010077953338623047
482 0.0029540061950683594
484 0.004038572311401367
486 0.003998994827270508
488 0.004034280776977539
490 0.0009996891021728516
492 0.0030355453491210938
494 0.004012346267700195
496 0.004033803939819336
498 0.003964900970458984
500 0.0019769668579101562
502 0.004046201705932617
504 0.004019498825073242
506 0.003999471664428711
508 0.004056453704833984
510 0.002001047134399414
512 0.003966808319091797
514 0.003966808319091797
516 0.0050182342529296875
518 0.004034519195556641
520 0.0009660720825195312
522 0.0039980411529541016
524 0.004997730255126953
526 0.004034996032714844
528 0.0040013790130615234
530 0.0009627342224121094
532 0.005000591278076172
534 0.004029035568237305
536 0.003998994827270508
538 0.004998445510864258
540 0.001988649368286133
542 0.004032611846923828
544 0.00399327278137207
546 0.005001544952392578
548 0.0039730072021484375
550 0.0019986629486083984
552 0.0040149688720703125
554 0.0039730072021484375
556 0.0050013065338134766
558 0.003992557525634766
560 0.0020346641540527344
562 0.004034996032714844
564 0.0040340423583984375
566 0.0040171146392822266
568 0.00403285026550293
570 0.0019986629486083984
572 0.00400090217590332
574 0.004999399185180664
576 0.0040361881256103516
578 0.005998849868774414
580 0.00200653076171875
582 0.003999471664428711
584 0.004045009613037109
586 0.0040357112884521484
588 0.004995584487915039
590 0.0010139942169189453
592 0.005011558532714844
594 0.004035234451293945
596 0.005018949508666992
598 0.00500035285949707
600 0.0010347366333007812
602 0.004000186920166016
604 0.00503230094909668
606 0.005033969879150391
608 0.004998922348022461
610 0.0010399818420410156
612 0.004999399185180664
614 0.005039215087890625
616 0.00502467155456543
618 0.004965543746948242
620 0.0019872188568115234
622 0.005012989044189453
624 0.005045890808105469
626 0.005008697509765625
628 0.004964113235473633
630 0.0010039806365966797
632 0.005044698715209961
634 0.005002021789550781
636 0.004998683929443359
638 0.004997968673706055
640 0.0020024776458740234
642 0.004999876022338867
644 0.0050334930419921875
646 0.00500178337097168
648 0.005033254623413086
650 0.0020008087158203125
652 0.0050013065338134766
654 0.006022214889526367
656 0.005998134613037109
658 0.0059795379638671875
660 0.002000570297241211
662 0.0049669742584228516
664 0.005036115646362305
666 0.005008220672607422
668 0.005033969879150391
670 0.002968311309814453
672 0.006020069122314453
674 0.005033731460571289
676 0.005022525787353516
678 0.005035877227783203
680 0.0019991397857666016
682 0.006033420562744141
684 0.005998849868774414
686 0.005001068115234375
688 0.005995273590087891
690 0.0019905567169189453
692 0.005013465881347656
694 0.0050373077392578125
696 0.005995035171508789
698 0.005994319915771484
700 0.001968860626220703
702 0.005017280578613281
704 0.005997419357299805
706 0.005999326705932617
708 0.006001710891723633
710 0.002000093460083008
712 0.005967140197753906
714 0.005966901779174805
716 0.004966259002685547
718 0.0059986114501953125
720 0.0019986629486083984
722 0.005965471267700195
724 0.0060269832611083984
726 0.005033254623413086
728 0.0060346126556396484
730 0.0020287036895751953
732 0.0060002803802490234
734 0.00996708869934082
736 0.005953550338745117
738 0.006035566329956055
740 0.0029985904693603516
742 0.005989789962768555
744 0.006012678146362305
746 0.006053924560546875
748 0.0059549808502197266
750 0.002033710479736328
752 0.006001710891723633
754 0.006999492645263672
756 0.006011486053466797
758 0.005987405776977539
760 0.0020399093627929688
762 0.005999326705932617
764 0.005998373031616211
766 0.006000518798828125
768 0.005999088287353516
770 0.002997159957885742
772 0.006997585296630859
774 0.006031513214111328
776 0.006000995635986328
778 0.007002353668212891
780 0.001964569091796875
782 0.007033109664916992
784 0.01299905776977539
786 0.006032466888427734
788 0.0070002079010009766
790 0.003002643585205078
792 0.009999513626098633
794 0.005999088287353516
796 0.006999492645263672
798 0.006234884262084961
800 0.002000570297241211
802 0.0069751739501953125
804 0.007965803146362305
806 0.006999015808105469
808 0.007997989654541016
810 0.002000093460083008
812 0.005963563919067383
814 0.007999181747436523
816 0.00696110725402832
818 0.007035732269287109
820 0.0020003318786621094
822 0.007002353668212891
824 0.007035970687866211
826 0.00700068473815918
828 0.0069675445556640625
830 0.004001617431640625
832 0.0070438385009765625
834 0.007002830505371094
836 0.006967067718505859
838 0.007956981658935547
840 0.003001689910888672
842 0.006925821304321289
844 0.008011102676391602
846 0.008995771408081055
848 0.008031606674194336
850 0.0030465126037597656
852 0.006979465484619141
854 0.010967254638671875
856 0.008043766021728516
858 0.007999897003173828
860 0.0020363330841064453
862 0.006997585296630859
864 0.007023811340332031
866 0.007038116455078125
868 0.006997823715209961
870 0.0019991397857666016
872 0.007013082504272461
874 0.0070552825927734375
876 0.008017301559448242
878 0.00800013542175293
880 0.003954648971557617
882 0.008045434951782227
884 0.008010149002075195
886 0.007999420166015625
888 0.007992267608642578
890 0.002031564712524414
892 0.0139617919921875
894 0.007996320724487305
896 0.007047414779663086
898 0.006998300552368164
900 0.0019986629486083984
902 0.0070612430572509766
904 0.006955385208129883
906 0.012964487075805664
908 0.007998228073120117
910 0.0020356178283691406
912 0.008014917373657227
914 0.007996082305908203
916 0.008013010025024414
918 0.007008790969848633
920 0.0029532909393310547
922 0.00795435905456543
924 0.008010149002075195
926 0.009002923965454102
928 0.008993148803710938
930 0.0020112991333007812
932 0.00799417495727539
934 0.009585380554199219
936 0.009037256240844727
938 0.007973432540893555
940 0.002034425735473633
942 0.00799417495727539
944 0.007962465286254883
946 0.008992910385131836
948 0.007962942123413086
950 0.003039121627807617
952 0.008033037185668945
954 0.009034156799316406
956 0.007996320724487305
958 0.008046388626098633
960 0.0039997100830078125
962 0.007993936538696289
964 0.008011579513549805
966 0.008002042770385742
968 0.00904703140258789
970 0.003999233245849609
972 0.008034706115722656
974 0.008957386016845703
976 0.01295614242553711
978 0.009044408798217773
980 0.004002571105957031
982 0.008999109268188477
984 0.009006261825561523
986 0.013000726699829102
988 0.008997440338134766
990 0.0039670467376708984
992 0.007982730865478516
994 0.008965730667114258
996 0.009045839309692383
998 0.009014606475830078
